1 0.371875 0.50703125 0.05625 0.05859375
1 0.43046875 0.3171875 0.05078125 0.06171875
1 0.3015625 0.12109375 0.0359375 0.04921875
1 0.778125 0.63671875 0.0515625 0.06640625
1 0.77734375 0.54140625 0.0484375 0.06171875
1 0.27265625 0.75703125 0.05234375 0.05703125
1 0.334375 0.77265625 0.0375 0.04921875
1 0.403125 0.7609375 0.02109375 0.0484375
1 0.50703125 0.78125 0.04296875 0.05546875
1 0.75234375 0.12890625 0.05078125 0.06015625
1 0.73203125 0.1984375 0.0484375 0.06875
1 0.70625 0.41015625 0.0328125 0.06015625
1 0.665625 0.52578125 0.0359375 0.05703125
1 0.45 0.44453125 0.053125 0.071875
1 0.521875 0.36015625 0.05 0.05390625