1 0.27421875 0.0671875 0.0484375 0.05859375
1 0.56171875 0.15625 0.03046875 0.0421875
1 0.475 0.21484375 0.03828125 0.06015625
1 0.31484375 0.18359375 0.04375 0.046875
1 0.33671875 0.1109375 0.0328125 0.0484375
1 0.63203125 0.1984375 0.0375 0.05703125
1 0.70625 0.375 0.04765625 0.06640625
1 0.4984375 0.625 0.03984375 0.0453125
1 0.46875 0.41015625 0.040625 0.0453125
1 0.47421875 0.3046875 0.05390625 0.0484375
1 0.28515625 0.73984375 0.03984375 0.06328125
1 0.2171875 0.80546875 0.03828125 0.05234375
1 0.23203125 0.71171875 0.03984375 0.0484375
1 0.38671875 0.4 0.03125 0.08828125
1 0.4859375 0.02265625 0.06640625 0.0453125
1 0.76796875 0.02421875 0.03828125 0.0421875
1 0.603125 0.0921875 0.040625 0.0375
1 0.61796875 0.35078125 0.03125 0.0375
1 0.415625 0.6125 0.040625 0.0484375