1 0.73046875 0.34609375 0.03828125 0.05234375
1 0.78671875 0.24375 0.03515625 0.046875
1 0.834375 0.32734375 0.0375 0.0453125
1 0.14765625 0.86875 0.03125 0.06171875
1 0.19453125 0.81875 0.04609375 0.0796875
1 0.4171875 0.9171875 0.05 0.06875
1 0.5203125 0.725 0.03515625 0.09609375
1 0.29609375 0.9421875 0.04765625 0.06484375
1 0.35859375 0.684375 0.0703125 0.09921875
1 0.38359375 0.5609375 0.0359375 0.06484375
1 0.41640625 0.54296875 0.0359375 0.09765625
1 0.60078125 0.409375 0.04375 0.0796875
1 0.828125 0.43671875 0.04765625 0.078125
1 0.840625 0.65703125 0.05078125 0.06484375
1 0.784375 0.9390625 0.0328125 0.05546875
1 0.48515625 0.0671875 0.07109375 0.06484375
1 0.3171875 0.1140625 0.0328125 0.06015625
1 0.49296875 0.63828125 0.03984375 0.06015625
1 0.5796875 0.71484375 0.05 0.08671875