1 0.234375 0.60546875 0.053125 0.06484375
1 0.31015625 0.65078125 0.03828125 0.0671875
1 0.375 0.4796875 0.053125 0.05859375
1 0.315625 0.30703125 0.03359375 0.04921875
1 0.5453125 0.30234375 0.07421875 0.05546875
1 0.69609375 0.33984375 0.053125 0.05859375
1 0.7390625 0.45703125 0.0890625 0.0734375
1 0.69609375 0.63203125 0.06015625 0.071875
1 0.628125 0.6484375 0.05078125 0.0484375
1 0.9625 0.41953125 0.04921875 0.05234375
1 0.0375 0.55078125 0.0296875 0.0328125
1 0.06015625 0.471875 0.0328125 0.05234375
1 0.0921875 0.3625 0.03125 0.05234375
1 0.171875 0.328125 0.05078125 0.04375
1 0.2328125 0.74140625 0.04765625 0.05703125
1 0.471875 0.57421875 0.0515625 0.05859375
1 0.6125 0.93203125 0.0515625 0.04375
1 0.58046875 0.21640625 0.06328125 0.0484375
1 0.52734375 0.22421875 0.0609375 0.05234375
1 0.6796875 0.62578125 0.0375 0.0328125
1 0.7296875 0.659375 0.0328125 0.0390625
1 0.5828125 0.48125 0.06015625 0.09765625
1 0.1078125 0.63515625 0.05234375 0.06875