11 0.74140625 0.43671875 0.06640625 0.13125
11 0.453125 0.590625 0.09296875 0.134375
11 0.83671875 0.46171875 0.053125 0.08125
11 0.50078125 0.81171875 0.1015625 0.0921875
11 0.65546875 0.49609375 0.08203125 0.20234375
3 0.32578125 0.425 0.06484375 0.134375
3 0.428125 0.13671875 0.053125 0.11015625
3 0.51328125 0.15390625 0.06328125 0.11875
12 0.3359375 0.66328125 0.0515625 0.13671875
10 0.6328125 0.91484375 0.0515625 0.0921875
10 0.75546875 0.21953125 0.0546875 0.08125
11 0.65 0.6484375 0.1296875 0.09765625
9 0.35390625 0.78125 0.04765625 0.06328125
9 0.41015625 0.80234375 0.046875 0.0578125
9 0.65 0.153125 0.053125 0.07890625
9 0.72890625 0.71796875 0.0421875 0.06796875
9 0.63359375 0.74921875 0.04375 0.05078125
9 0.58046875 0.78125 0.05078125 0.07265625
2 0.525 0.6140625 0.05 0.08125
2 0.52890625 0.7234375 0.06796875 0.08828125
2 0.80859375 0.3609375 0.0671875 0.1109375