1 0.675 0.390625 0.0515625 0.084375
1 0.33125 0.4859375 0.0703125 0.05859375
1 0.25 0.5765625 0.05859375 0.08984375
1 0.4171875 0.63515625 0.0578125 0.071875
1 0.503125 0.70078125 0.0640625 0.10078125
1 0.38046875 0.728125 0.03125 0.078125
1 0.4625 0.84609375 0.0375 0.05234375
1 0.56015625 0.8375 0.053125 0.06875
1 0.5796875 0.75078125 0.03828125 0.075
1 0.68984375 0.7578125 0.040625 0.06484375
1 0.73515625 0.659375 0.04375 0.05390625
1 0.7515625 0.56640625 0.04140625 0.071875
1 0.8296875 0.50859375 0.053125 0.0765625
1 0.78671875 0.41171875 0.0359375 0.05390625
1 0.91953125 0.46015625 0.06171875 0.06484375
1 0.86171875 0.7 0.0359375 0.06328125
1 0.94609375 0.7171875 0.040625 0.05859375
1 0.94375 0.834375 0.00625 0.06484375
1 0.81796875 0.88046875 0.06015625 0.06171875
1 0.29453125 0.8578125 0.05078125 0.06171875
1 0.23203125 0.8859375 0.05078125 0.071875
1 0.5265625 0.38359375 0.03515625 0.0703125
1 0.5875 0.27734375 0.05390625 0.05546875
1 0.4703125 0.3125 0.05078125 0.06328125
1 0.74765625 0.28984375 0.04375 0.06015625
1 0.5234375 0.52421875 0.0328125 0.05703125
1 0.6359375 0.58671875 0.03125 0.0359375
1 0.63203125 0.65078125 0.04296875 0.04375
1 0.4234375 0.4 0.04375 0.0703125
1 0.30390625 0.71171875 0.04296875 0.0484375
1 0.609375 0.875 0.03125 0.05703125
1 0.7203125 0.02890625 0.046875 0.0578125
1 0.68671875 0.16484375 0.04140625 0.071875
1 0.76171875 0.13203125 0.03515625 0.06640625
1 0.59921875 0.94921875 0.0359375 0.0390625
1 0.46953125 0.93828125 0.0515625 0.06328125