1 0.175 0.33046875 0.0453125 0.06015625
1 0.115625 0.340625 0.04609375 0.06875
1 0.10078125 0.4296875 0.0375 0.05078125
1 0.07421875 0.44140625 0.05234375 0.08984375
1 0.1703125 0.565625 0.03828125 0.05546875
1 0.16328125 0.46953125 0.0296875 0.040625
1 0.17578125 0.403125 0.0453125 0.046875
1 0.88203125 0.35546875 0.03359375 0.09765625
1 0.92890625 0.30390625 0.03828125 0.04375
1 0.978125 0.3421875 0.02578125 0.08671875
1 0.9484375 0.38671875 0.03515625 0.040625
1 0.90703125 0.5109375 0.03359375 0.0375
1 0.84921875 0.49609375 0.040625 0.040625
1 0.871875 0.43828125 0.03359375 0.0328125
1 0.9546875 0.14453125 0.03359375 0.04375
1 0.9859375 0.2203125 0.028125 0.08125
1 0.06953125 0.5328125 0.05234375 0.08125