1 0.48984375 0.528125 0.05 0.05234375
1 0.5875 0.51953125 0.040625 0.06875
1 0.65 0.55234375 0.0453125 0.075
1 0.5859375 0.60390625 0.04609375 0.06015625
1 0.253125 0.64375 0.05234375 0.0796875
1 0.28046875 0.4671875 0.025 0.05390625
1 0.29765625 0.8421875 0.05234375 0.075
1 0.36171875 0.54609375 0.04765625 0.06171875
1 0.67265625 0.82109375 0.0515625 0.0484375
1 0.69609375 0.9296875 0.0375 0.0421875
1 0.21328125 0.35546875 0.09140625 0.09453125
1 0.33828125 0.14453125 0.04765625 0.078125
1 0.54296875 0.48203125 0.03515625 0.0328125