1 0.64140625 0.11875 0.04609375 0.05234375
1 0.28515625 0.37109375 0.0484375 0.05703125
1 0.659375 0.63359375 0.0390625 0.0546875
1 0.565625 0.5609375 0.0390625 0.05234375
1 0.23984375 0.21640625 0.0390625 0.04453125
1 0.27734375 0.034375 0.04296875 0.0453125
1 0.17578125 0.553125 0.046875 0.05625
1 0.17890625 0.40546875 0.06015625 0.07109375
1 0.1078125 0.45390625 0.07421875 0.06875
1 0.51640625 0.4046875 0.0421875 0.0609375
1 0.40625 0.7546875 0.04296875 0.0578125
1 0.3796875 0.6203125 0.05 0.059375
1 0.34765625 0.4390625 0.0453125 0.06171875
1 0.24375 0.57109375 0.0546875 0.06875
1 0.246875 0.47265625 0.04296875 0.05625
1 0.66796875 0.203125 0.0421875 0.0640625
1 0.578125 0.22734375 0.05234375 0.0625
1 0.5671875 0.10859375 0.04453125 0.05859375
1 0.1078125 0.7015625 0.046875 0.05546875
1 0.45234375 0.42265625 0.04609375 0.06953125
1 0.3578125 0.25 0.04140625 0.0796875
1 0.36015625 0.15234375 0.05546875 0.06953125
1 0.43828125 0.09921875 0.05546875 0.053125
1 0.6140625 0.3828125 0.04609375 0.07578125
1 0.43984375 0.32265625 0.059375 0.103125
1 0.46953125 0.7 0.04375 0.065625
1 0.4640625 0.59609375 0.0765625 0.06875
1 0.16875 0.33046875 0.04375 0.06171875
1 0.11328125 0.16484375 0.0484375 0.05859375