1 0.61484375 0.42421875 0.02890625 0.05859375
1 0.68515625 0.2421875 0.03125 0.046875
1 0.84375 0.41328125 0.040625 0.06640625
1 0.478125 0.33671875 0.06015625 0.06328125
1 0.32890625 0.46640625 0.04140625 0.046875
1 0.20390625 0.5 0.0421875 0.0453125
1 0.04765625 0.3375 0.0234375 0.05390625
1 0.14765625 0.2796875 0.04765625 0.04375
1 0.15234375 0.16328125 0.0359375 0.040625
1 0.30390625 0.7 0.040625 0.06328125
1 0.4109375 0.73828125 0.05234375 0.0671875
1 0.33515625 0.796875 0.03984375 0.05546875
1 0.56015625 0.76015625 0.03046875 0.0421875
1 0.49765625 0.6140625 0.04375 0.05390625
1 0.4484375 0.4953125 0.05390625 0.06015625
1 0.52578125 0.4890625 0.053125 0.046875
1 0.78359375 0.6765625 0.0515625 0.046875
1 0.8296875 0.78046875 0.0640625 0.078125
1 0.6640625 0.5671875 0.06875 0.10390625
1 0.62890625 0.6828125 0.05078125 0.06875
1 0.3078125 0.1328125 0.040625 0.046875
1 0.171875 0.596875 0.04375 0.05859375
1 0.85703125 0.61953125 0.03359375 0.06171875
1 0.91484375 0.57890625 0.0390625 0.08828125