1 0.28984375 0.06796875 0.06484375 0.06171875
1 0.50234375 0.1171875 0.03828125 0.0359375
1 0.52578125 0.16796875 0.03046875 0.0421875
1 0.60390625 0.37265625 0.03515625 0.08671875
1 0.8109375 0.33671875 0.040625 0.040625
1 0.81015625 0.08515625 0.07421875 0.0765625
1 0.3828125 0.778125 0.05546875 0.04921875
1 0.49765625 0.42265625 0.0578125 0.0734375
1 0.56640625 0.27265625 0.03046875 0.05859375
1 0.70859375 0.2390625 0.065625 0.06640625
1 0.6796875 0.33671875 0.0734375 0.0734375
1 0.74375 0.54296875 0.04140625 0.046875
1 0.50625 0.696875 0.04609375 0.0421875
1 0.3515625 0.1609375 0.03515625 0.0359375
1 0.4484375 0.28984375 0.02890625 0.0359375
1 0.63203125 0.0984375 0.03828125 0.0828125
1 0.828125 0.215625 0.04765625 0.05546875