1 0.17109375 0.17734375 0.028125 0.05078125
1 0.26484375 0.065625 0.05546875 0.06171875
1 0.30625 0.4671875 0.0328125 0.0484375
1 0.33515625 0.4359375 0.01875 0.040625
1 0.25 0.5609375 0.025 0.02578125
1 0.2640625 0.6046875 0.03515625 0.04375
1 0.35234375 0.63046875 0.0375 0.0296875
1 0.32890625 0.66328125 0.0328125 0.0328125
1 0.26953125 0.7140625 0.0328125 0.0375
1 0.225 0.76328125 0.03828125 0.034375
1 0.18828125 0.7953125 0.02734375 0.03125
1 0.53359375 0.41953125 0.0375 0.0671875
1 0.55078125 0.20703125 0.02578125 0.06328125
1 0.5578125 0.3 0.05078125 0.0328125
1 0.6015625 0.3546875 0.03515625 0.0421875
1 0.66171875 0.27109375 0.03515625 0.04375
1 0.7796875 0.296875 0.03046875 0.04375
1 0.79609375 0.371875 0.03125 0.02578125
1 0.79140625 0.36484375 0.0359375 0.0484375
1 0.8484375 0.4921875 0.02890625 0.05078125
1 0.63828125 0.5 0.03046875 0.0359375
1 0.56953125 0.515625 0.03359375 0.028125
1 0.621875 0.590625 0.03515625 0.0375
1 0.665625 0.66171875 0.028125 0.034375
1 0.68203125 0.3546875 0.025 0.0421875
1 0.65625 0.42578125 0.0328125 0.04921875
1 0.5265625 0.59609375 0.04296875 0.0453125
1 0.7515625 0.8375 0.0390625 0.0328125
1 0.5140625 0.69140625 0.02265625 0.028125
1 0.4578125 0.50546875 0.03046875 0.04921875
1 0.42109375 0.54375 0.03125 0.0453125
1 0.40234375 0.6625 0.04375 0.0421875
1 0.44609375 0.62265625 0.02265625 0.040625
1 0.39140625 0.71953125 0.04296875 0.01796875
1 0.36796875 0.815625 0.02578125 0.02734375
1 0.4046875 0.77890625 0.03046875 0.0421875
1 0.32578125 0.14375 0.0296875 0.05234375
1 0.23125 0.26484375 0.0328125 0.034375
1 0.25625 0.2140625 0.0328125 0.0375
1 0.303125 0.2640625 0.025 0.0296875
1 0.2046875 0.475 0.0328125 0.040625
1 0.18125 0.66328125 0.0375 0.03125
1 0.16875 0.7140625 0.03515625 0.05234375