1 0.5890625 0.8984375 0.0640625 0.1421875
1 0.81484375 0.42578125 0.07109375 0.0984375
1 0.7328125 0.4390625 0.06640625 0.1015625
1 0.4328125 0.71328125 0.07109375 0.11484375
1 0.56484375 0.54140625 0.06796875 0.1046875
1 0.68515625 0.7234375 0.06953125 0.090625
1 0.5859375 0.72109375 0.0796875 0.12109375
1 0.25703125 0.83125 0.0640625 0.08515625
1 0.2515625 0.9515625 0.06015625 0.09609375
1 0.17265625 0.88046875 0.05859375 0.09375
1 0.42421875 0.9484375 0.08828125 0.103125
1 0.40078125 0.86484375 0.06640625 0.103125
1 0.69453125 0.5171875 0.0859375 0.1328125
1 0.3734375 0.67109375 0.0921875 0.17421875