3 0.3421875 0.3515625 0.08125 0.11875
3 0.15546875 0.03984375 0.0609375 0.07890625
3 0.03046875 0.16328125 0.04921875 0.07265625
3 0.478125 0.68671875 0.0703125 0.08125
3 0.5203125 0.38515625 0.06640625 0.0671875
3 0.78046875 0.1734375 0.0515625 0.06484375
3 0.95 0.2546875 0.065625 0.08671875
3 0.64140625 0.3890625 0.05703125 0.06015625
3 0.73671875 0.68671875 0.07265625 0.109375
3 0.7828125 0.5828125 0.0703125 0.0828125
3 0.16171875 0.928125 0.05703125 0.08671875
3 0.24765625 0.39921875 0.0671875 0.0953125