3 0.921875 0.76484375 0.025 0.06328125
3 0.44375 0.3796875 0.015625 0.01953125
3 0.36796875 0.58125 0.015625 0.0328125
3 0.38828125 0.5890625 0.02109375 0.02734375
3 0.30859375 0.721875 0.01640625 0.02109375
3 0.4890625 0.7015625 0.01328125 0.02890625
3 0.5046875 0.4953125 0.01796875 0.02265625
3 0.37421875 0.37421875 0.0140625 0.02421875
3 0.42265625 0.421875 0.01484375 0.02265625
3 0.38671875 0.47265625 0.01953125 0.0296875
3 0.39609375 0.5109375 0.01171875 0.025
3 0.2328125 0.6578125 0.0125 0.02265625
3 0.2984375 0.86328125 0.0171875 0.02734375
3 0.3734375 0.6984375 0.01171875 0.01875
3 0.44140625 0.77109375 0.021875 0.0265625
3 0.50078125 0.8390625 0.01328125 0.028125
3 0.4515625 0.72421875 0.0171875 0.0296875
3 0.45859375 0.49921875 0.01953125 0.025
3 0.4234375 0.5640625 0.01171875 0.01796875
3 0.27578125 0.5765625 0.01484375 0.0265625
3 0.22734375 0.509375 0.0125 0.03046875
3 0.32890625 0.8265625 0.01171875 0.03046875
3 0.3484375 0.87890625 0.0125 0.02265625
3 0.42265625 0.54453125 0.0109375 0.02421875
3 0.43046875 0.61796875 0.01640625 0.02421875
3 0.46484375 0.60703125 0.015625 0.0234375
3 0.53515625 0.50234375 0.01640625 0.02109375
3 0.53203125 0.52734375 0.01796875 0.02109375
3 0.484375 0.44296875 0.0125 0.02734375
3 0.471875 0.44765625 0.01796875 0.02421875
3 0.40078125 0.915625 0.01484375 0.03046875
3 0.453125 0.93046875 0.015625 0.0234375
3 0.34765625 0.603125 0.01953125 0.03125
3 0.171875 0.49453125 0.0109375 0.025
3 0.41015625 0.39609375 0.01484375 0.03203125
3 0.54375 0.6140625 0.0140625 0.02890625
3 0.3421875 0.7046875 0.01328125 0.0234375
3 0.43671875 0.53203125 0.015625 0.03125
3 0.55625 0.79453125 0.0125 0.0234375
3 0.51953125 0.73828125 0.01640625 0.02109375
3 0.53515625 0.68515625 0.0140625 0.02421875
3 0.25546875 0.8140625 0.01171875 0.02265625
3 0.20234375 0.4328125 0.01484375 0.0203125
3 0.23828125 0.4515625 0.01328125 0.0328125
3 0.28125 0.6390625 0.0171875 0.025
3 0.528125 0.353125 0.015625 0.02734375
3 0.52109375 0.85703125 0.0140625 0.02734375
3 0.32734375 0.778125 0.015625 0.01953125
3 0.40625 0.7546875 0.0109375 0.025
3 0.28203125 0.72421875 0.01796875 0.0296875