2 0.24375 0.4875 0.06953125 0.10390625
2 0.47265625 0.48828125 0.05859375 0.09453125
2 0.5671875 0.625 0.0609375 0.08359375
8 0.6421875 0.45234375 0.0484375 0.12109375
5 0.653125 0.04921875 0.059375 0.05703125
5 0.5984375 0.2015625 0.08125 0.07734375
5 0.50390625 0.1375 0.05859375 0.08125
5 0.7859375 0.36015625 0.078125 0.05703125
5 0.80859375 0.25 0.03828125 0.07578125
5 0.52265625 0.32734375 0.065625 0.12109375
5 0.609375 0.30625 0.0453125 0.096875
5 0.14765625 0.26484375 0.03984375 0.1171875
5 0.3828125 0.11953125 0.04140625 0.0609375
5 0.4859375 0.728125 0.059375 0.1
5 0.37578125 0.66875 0.05859375 0.125
5 0.3421875 0.02890625 0.07109375 0.05703125
5 0.55078125 0.79140625 0.06484375 0.071875