12 0.8453125 0.3046875 0.08671875 0.08359375
12 0.91640625 0.34296875 0.0484375 0.0703125
12 0.55390625 0.66640625 0.13359375 0.059375
12 0.66484375 0.5703125 0.06640625 0.08515625
12 0.40859375 0.2796875 0.05390625 0.06328125
12 0.3484375 0.7859375 0.0484375 0.05390625
12 0.38984375 0.83359375 0.04296875 0.07421875
12 0.88359375 0.8203125 0.06640625 0.04453125
12 0.9203125 0.47109375 0.059375 0.13515625
10 0.9765625 0.35625 0.04296875 0.090625
10 0.19375 0.50390625 0.04609375 0.05546875
10 0.58359375 0.4984375 0.06328125 0.059375
10 0.63046875 0.1703125 0.06875 0.059375
10 0.45 0.46328125 0.06328125 0.08125
2 0.5546875 0.28359375 0.1203125 0.06640625
9 0.7390625 0.5015625 0.06640625 0.0703125