3 0.69453125 0.27265625 0.11796875 0.10859375
3 0.7265625 0.40078125 0.1015625 0.09609375
3 0.95625 0.378125 0.04765625 0.12890625
3 0.1203125 0.86171875 0.09765625 0.11875
3 0.23828125 0.059375 0.1453125 0.0859375
2 0.3984375 0.0859375 0.1828125 0.16484375
2 0.5671875 0.4125 0.08125 0.171875
2 0.69765625 0.5546875 0.1046875 0.15859375
2 0.79921875 0.69609375 0.15859375 0.2046875
2 0.8546875 0.51328125 0.0875 0.175
2 0.48984375 0.80390625 0.15546875 0.13515625
2 0.55390625 0.63046875 0.1421875 0.1453125
2 0.25703125 0.9421875 0.1015625 0.10859375
2 0.1859375 0.6484375 0.11484375 0.12890625
2 0.23125 0.45234375 0.1046875 0.1125