12 0.3859375 0.0734375 0.07109375 0.0984375
12 0.89609375 0.18359375 0.078125 0.1
12 0.88515625 0.08359375 0.06328125 0.07734375
12 0.2921875 0.2953125 0.05859375 0.07265625
12 0.32265625 0.2140625 0.06640625 0.0546875
11 0.19296875 0.56796875 0.06328125 0.1171875
11 0.17265625 0.4 0.13515625 0.07734375
11 0.5203125 0.3078125 0.0921875 0.09453125
9 0.1546875 0.29375 0.06953125 0.08203125
9 0.3921875 0.5765625 0.04296875 0.0984375
10 0.44453125 0.759375 0.05859375 0.059375
10 0.30390625 0.521875 0.07265625 0.065625
10 0.25625 0.6546875 0.06328125 0.08046875
2 0.6359375 0.62734375 0.078125 0.103125
2 0.75078125 0.8453125 0.175 0.0671875
2 0.6515625 0.39140625 0.09375 0.05
2 0.56484375 0.18515625 0.0765625 0.121875