12 0.36171875 0.125 0.05390625 0.05859375
12 0.38203125 0.20546875 0.05703125 0.08046875
12 0.37734375 0.3078125 0.05390625 0.0671875
12 0.66640625 0.78046875 0.05703125 0.05625
12 0.48046875 0.7609375 0.06015625 0.05625
12 0.23125 0.76875 0.0484375 0.07578125
12 0.73046875 0.32265625 0.05 0.09375
2 0.41953125 0.575 0.053125 0.16328125
2 0.54453125 0.646875 0.0953125 0.08046875
9 0.5375 0.2359375 0.0515625 0.0890625
9 0.4890625 0.31484375 0.03359375 0.06953125
12 0.51015625 0.1421875 0.04375 0.05859375
12 0.86171875 0.653125 0.03359375 0.05