10 0.46875 0.584375 0.10390625 0.1125
10 0.30703125 0.4453125 0.109375 0.075
11 0.2171875 0.67578125 0.04921875 0.15390625
12 0.32265625 0.2359375 0.08359375 0.09765625
12 0.22109375 0.3296875 0.08828125 0.11953125
12 0.384375 0.33515625 0.0546875 0.07109375
12 0.41015625 0.17421875 0.04453125 0.09375
12 0.61328125 0.58046875 0.04453125 0.08984375
12 0.4359375 0.471875 0.06015625 0.11953125
12 0.30234375 0.821875 0.078125 0.13125
12 0.17734375 0.82421875 0.046875 0.12734375
2 0.69375 0.709375 0.06015625 0.14609375
2 0.77734375 0.696875 0.0703125 0.09765625
2 0.609375 0.79765625 0.05703125 0.12734375