10 0.83359375 0.17578125 0.04921875 0.084375
11 0.6 0.6546875 0.0671875 0.16015625
2 0.4359375 0.69140625 0.1109375 0.11328125
2 0.675 0.4609375 0.075 0.09765625
2 0.57890625 0.46328125 0.05078125 0.09375
2 0.3640625 0.44453125 0.11640625 0.21171875
2 0.2484375 0.6859375 0.05625 0.11171875
2 0.828125 0.42421875 0.075 0.09609375
2 0.4578125 0.465625 0.08203125 0.09765625
2 0.56015625 0.27421875 0.11484375 0.07109375
2 0.71640625 0.3140625 0.075 0.1421875
12 0.61015625 0.134375 0.0765625 0.12265625