10 0.06015625 0.04453125 0.1046875 0.08828125
10 0.57265625 0.4078125 0.08984375 0.059375
4 0.4765625 0.54453125 0.12734375 0.1109375
2 0.46484375 0.35703125 0.175 0.1640625
12 0.2265625 0.3828125 0.12734375 0.05703125
12 0.2453125 0.5375 0.11015625 0.0609375
12 0.36875 0.85 0.0578125 0.05
3 0.4546875 0.76171875 0.075 0.03671875
3 0.4671875 0.8265625 0.03984375 0.04765625
3 0.24765625 0.48515625 0.0796875 0.04453125
9 0.6265625 0.08515625 0.09765625 0.0625
9 0.3203125 0.13828125 0.1203125 0.07734375
9 0.07109375 0.259375 0.1078125 0.10859375
12 0.22734375 0.2453125 0.1 0.078125