11 0.803125 0.23515625 0.13203125 0.06171875
11 0.853125 0.63359375 0.13125 0.1
10 0.246875 0.6078125 0.09765625 0.06328125
9 0.684375 0.29453125 0.109375 0.05234375
9 0.2453125 0.68671875 0.07109375 0.04921875
9 0.04609375 0.54453125 0.075 0.0703125
9 0.45703125 0.5609375 0.14453125 0.11171875
12 0.1453125 0.6609375 0.10078125 0.05625
12 0.30234375 0.74296875 0.084375 0.046875
2 0.159375 0.3203125 0.15390625 0.08671875
2 0.5875 0.48359375 0.12734375 0.06640625
2 0.74140625 0.590625 0.09765625 0.04609375
9 0.56875 0.64453125 0.16796875 0.10078125
9 0.340625 0.67578125 0.0953125 0.075
9 0.82421875 0.42265625 0.128125 0.1015625