12 0.43203125 0.3234375 0.084375 0.07109375
12 0.53203125 0.3328125 0.06171875 0.0625
12 0.51953125 0.40234375 0.06953125 0.05546875
11 0.54609375 0.53203125 0.06796875 0.06875
11 0.8078125 0.3125 0.07734375 0.0828125
11 0.65546875 0.478125 0.06484375 0.0890625
11 0.659375 0.290625 0.05078125 0.05234375
11 0.5234375 0.1875 0.05859375 0.0671875
11 0.7375 0.20078125 0.0875 0.05703125
10 0.45703125 0.62734375 0.05859375 0.07421875
2 0.340625 0.40390625 0.07578125 0.065625
2 0.51171875 0.47109375 0.17109375 0.0828125
2 0.6 0.30546875 0.07421875 0.07421875
12 0.6703125 0.3953125 0.03828125 0.0453125
12 0.675 0.3328125 0.05703125 0.0421875
12 0.42578125 0.5859375 0.04296875 0.0390625