9 0.35625 0.12890625 0.1015625 0.07109375
9 0.22265625 0.1171875 0.08203125 0.09296875
9 0.41171875 0.40390625 0.0890625 0.084375
9 0.475 0.3359375 0.046875 0.0734375
9 0.428125 0.2015625 0.046875 0.0796875
9 0.56015625 0.4546875 0.075 0.04453125
9 0.65625 0.74921875 0.0703125 0.0796875
9 0.4265625 0.50234375 0.0953125 0.07734375
12 0.328125 0.19765625 0.03984375 0.053125
12 0.284375 0.1609375 0.0421875 0.05078125
12 0.79296875 0.5390625 0.0609375 0.06640625
12 0.5296875 0.5125 0.0703125 0.053125
9 0.54609375 0.75703125 0.0703125 0.07265625
2 0.57421875 0.18046875 0.0796875 0.059375
2 0.584375 0.66328125 0.1421875 0.084375
2 0.61640625 0.57421875 0.16015625 0.13828125
2 0.596875 0.37578125 0.1828125 0.11796875
12 0.7 0.28984375 0.10546875 0.0921875
12 0.409375 0.56640625 0.0609375 0.059375
12 0.3703125 0.18671875 0.08125 0.08125