9 0.5390625 0.2828125 0.16484375 0.1171875
10 0.28359375 0.1484375 0.10703125 0.0890625
10 0.49296875 0.4140625 0.15078125 0.09609375
11 0.31328125 0.840625 0.096875 0.09765625
11 0.4390625 0.78828125 0.1265625 0.07734375
11 0.4515625 0.8734375 0.1359375 0.06796875
12 0.68203125 0.20546875 0.0875 0.08046875
2 0.79140625 0.7953125 0.12109375 0.065625
2 0.278125 0.56484375 0.1046875 0.0609375
2 0.62734375 0.684375 0.11875 0.0578125
2 0.56796875 0.5203125 0.12109375 0.07734375
2 0.3546875 0.0765625 0.11640625 0.07109375
2 0.3375 0.63046875 0.11171875 0.05625
2 0.25 0.44921875 0.13125 0.07578125