10 0.25859375 0.3234375 0.0640625 0.07578125
10 0.4015625 0.65390625 0.05625 0.0640625
10 0.0984375 0.6484375 0.0453125 0.05859375
10 0.6375 0.1203125 0.05625 0.10625
12 0.42421875 0.7453125 0.04921875 0.02265625
12 0.43984375 0.79140625 0.03359375 0.053125
12 0.46875 0.8359375 0.0359375 0.05859375
12 0.51484375 0.88125 0.0375 0.04765625
12 0.371875 0.8265625 0.03046875 0.0390625
12 0.23046875 0.7171875 0.03046875 0.07265625
12 0.20625 0.4421875 0.07734375 0.05078125
12 0.5453125 0.2984375 0.0453125 0.053125
12 0.5046875 0.16953125 0.05078125 0.08671875
12 0.3921875 0.33359375 0.0453125 0.0953125
12 0.12109375 0.5515625 0.0375 0.05078125
12 0.34609375 0.4421875 0.06640625 0.11796875
12 0.7328125 0.70859375 0.05078125 0.08984375
12 0.63515625 0.77421875 0.05859375 0.07578125
12 0.64140625 0.2703125 0.04140625 0.07578125
12 0.5875 0.20859375 0.02421875 0.05859375
12 0.66328125 0.51953125 0.0734375 0.05859375
12 0.07890625 0.50390625 0.04140625 0.07265625
9 0.47578125 0.415625 0.06796875 0.053125
9 0.503125 0.5109375 0.07734375 0.053125
9 0.21875 0.5296875 0.053125 0.06171875
9 0.2921875 0.52109375 0.02265625 0.078125
2 0.871875 0.30234375 0.12421875 0.078125
9 0.16796875 0.65546875 0.04921875 0.06171875
9 0.38359375 0.565625 0.046875 0.05625
9 0.32578125 0.5953125 0.05078125 0.08671875
9 0.2515625 0.66796875 0.04375 0.0640625
9 0.11796875 0.5015625 0.046875 0.06171875
9 0.30390625 0.69765625 0.04921875 0.05625
9 0.45 0.69296875 0.0734375 0.07578125
9 0.609375 0.69296875 0.053125 0.05859375
9 0.78203125 0.1734375 0.0546875 0.078125
9 0.76796875 0.2703125 0.06015625 0.08671875