9 0.3203125 0.60078125 0.06328125 0.084375
9 0.47421875 0.65859375 0.10859375 0.1390625
9 0.52890625 0.42421875 0.0546875 0.07890625
2 0.62109375 0.39296875 0.04453125 0.08046875
2 0.56015625 0.36015625 0.059375 0.0703125
2 0.5296875 0.48828125 0.1 0.08046875
2 0.55625 0.56953125 0.04765625 0.0421875
2 0.5734375 0.7703125 0.10546875 0.0484375
2 0.36015625 0.775 0.040625 0.07421875
12 0.440625 0.48984375 0.02734375 0.04453125
12 0.4140625 0.55546875 0.02578125 0.05078125
12 0.39296875 0.45546875 0.0578125 0.05234375