9 0.8734375 0.7671875 0.12265625 0.10546875
9 0.34296875 0.74765625 0.08125 0.134375
9 0.04765625 0.7890625 0.0953125 0.13125
10 0.72109375 0.4890625 0.06640625 0.096875
10 0.2734375 0.1890625 0.07421875 0.109375
10 0.4703125 0.35390625 0.0671875 0.0796875
12 0.76875 0.271875 0.04609375 0.06328125
12 0.66953125 0.27421875 0.04765625 0.0546875
12 0.4125 0.1765625 0.0515625 0.07421875
12 0.67734375 0.72109375 0.05390625 0.08125
12 0.578125 0.7875 0.05703125 0.0796875
12 0.2921875 0.49765625 0.0203125 0.04921875
2 0.50234375 0.5265625 0.0625 0.0796875
2 0.56328125 0.52265625 0.0703125 0.1109375
2 0.5671875 0.3421875 0.1171875 0.1234375
2 0.58203125 0.953125 0.1609375 0.08984375
2 0.4375 0.91953125 0.0828125 0.08984375
2 0.65703125 0.6203125 0.15703125 0.13203125
2 0.27265625 0.62890625 0.11328125 0.17421875
2 0.3609375 0.41015625 0.1703125 0.14296875