12 0.5734375 0.0796875 0.065625 0.059375
12 0.65546875 0.04609375 0.071875 0.05390625
12 0.66015625 0.18515625 0.078125 0.0765625
12 0.54765625 0.26875 0.053125 0.08203125
12 0.178125 0.35859375 0.03359375 0.05546875
12 0.4234375 0.42265625 0.03671875 0.11484375
12 0.39765625 0.56328125 0.04921875 0.07421875
4 0.82578125 0.3578125 0.1375 0.1640625
9 0.6078125 0.70625 0.11875 0.1578125
2 0.6109375 0.54375 0.0984375 0.1046875
12 0.57109375 0.396875 0.0890625 0.1171875
12 0.76875 0.1578125 0.10390625 0.1046875