12 0.64296875 0.47265625 0.078125 0.0609375
2 0.45859375 0.4796875 0.08828125 0.11015625
2 0.2671875 0.6234375 0.10078125 0.13515625
2 0.809375 0.56953125 0.175 0.09921875
2 0.0484375 0.35546875 0.096875 0.09296875
2 0.13828125 0.68359375 0.065625 0.090625
2 0.1375 0.8234375 0.11328125 0.0828125
2 0.184375 0.49140625 0.0640625 0.1203125
2 0.36796875 0.509375 0.0765625 0.0890625
2 0.61015625 0.3328125 0.090625 0.0828125
2 0.58828125 0.43125 0.0640625 0.0546875
9 0.80859375 0.28046875 0.11171875 0.0953125