9 0.44609375 0.2484375 0.13125 0.1328125
9 0.7265625 0.2296875 0.10546875 0.06640625
9 0.1140625 0.14375 0.12421875 0.16328125
3 0.61640625 0.25546875 0.03984375 0.06796875
3 0.57890625 0.31953125 0.05859375 0.0640625
3 0.4484375 0.50390625 0.084375 0.08515625
3 0.36015625 0.55390625 0.05390625 0.0765625
12 0.29140625 0.365625 0.0328125 0.0765625
12 0.3453125 0.3546875 0.05625 0.0515625
12 0.35234375 0.78359375 0.0703125 0.1015625
12 0.56796875 0.39375 0.0609375 0.07890625
2 0.73359375 0.15625 0.08671875 0.08515625