12 0.60546875 0.8328125 0.02890625 0.0953125
12 0.034375 0.75625 0.02890625 0.10078125
12 0.3421875 0.69609375 0.034375 0.0765625
12 0.47109375 0.78671875 0.0375 0.071875
12 0.39296875 0.70703125 0.0375 0.08203125
12 0.43671875 0.25625 0.02421875 0.0765625
9 0.5859375 0.66015625 0.04296875 0.05859375
9 0.55078125 0.7984375 0.046875 0.12734375
9 0.67734375 0.5546875 0.03828125 0.0953125
3 0.35625 0.20390625 0.03046875 0.0953125
3 0.49375 0.2828125 0.034375 0.0609375
3 0.64453125 0.22265625 0.03203125 0.06875
3 0.68984375 0.2984375 0.0453125 0.05078125
2 0.37578125 0.84453125 0.0625 0.071875
2 0.5171875 0.9390625 0.065625 0.11640625